0 0 5.236
2.618 0 4.236
1.618 2.618 4.236
0 1.618 4.236  
-1.618 2.618 4.236
-2.618 0 4.236
-1.618 -2.618 4.236
0 -1.618 4.236
1.618 -2.618 4.236
4.236 1.618 2.618
2.618 2.618 2.618
0 4.236 2.618
-2.618 2.618 2.618
-4.236 1.618 2.618
-4.236 -1.618 2.618
-2.618 -2.618 2.618
0 -4.236 2.618
2.618 -2.618 2.618
4.236 -1.618 2.618
4.236 0 1.618
2.618 4.236 1.618
-2.618 4.236 1.618
-4.236 0 1.618
-2.618 -4.236 1.618
2.618  -4.236  1.618
5.236  0  0
4.236  2.618  0
1.618  4.236  0
0  5.236  0
-1.618  4.236  0
-4.236  2.618  0
-5.236  0  0
-4.236  -2.618  0
-1.618  -4.236  0
0  -5.236  0
1.618  -4.236  0
4.236  -2.618  0
4.236   0   -1.618
2.618   4.236   -1.618
-2.618  4.236  -1.618
-4.236  0  -1.618
-2.618  -4.236  -1.618
2.618   -4.236   -1.618
4.236  1.618  -2.618
2.618  2.618  -2.618
0  4.236  -2.618
-2.618  2.618  -2.618
-4.236  1.618  -2.618
-4.236  -1.618  -2.618
-2.618  -2.618  -2.618
0  -4.236  -2.618
2.618  -2.618  -2.618
4.236   -1.618   -2.618
2.618   0   -4.236
1.618  2.618  -4.236
0  1.618  -4.236
-1.618  2.618  -4.236
-2.618  0  -4.236
-1.618  -2.618  -4.236
0  -1.618  -4.236
1.618  -2.618  -4.236
0   0   -5.236